Steps 52
logT
VS
Propresion_del_nodo 26
0                                       0
0.1                     0.100640362514812
0.2                     0.201002197536099
0.3                     0.301131999403206
0.4                     0.401071415789495
0.5                     0.500857670798513
0.6                     0.600523953739474
0.7                      0.70009977392213
0.8                     0.799611287686396
0.9                      0.89908159723909
1                       0.998531024735909
2                       0.997890788177236
3                        1.00580877915301
4                        1.00903034175095
5                        1.00827901651183
6                        1.00432269226369
7                       0.997867814309467
8                       0.989521340882751
9                       0.979784856493578
10                       0.96906274122493
20                      0.767246888653587
30                      0.696980532907835
40                      0.643679947326191
50                       0.60062106075885
60                      0.564709194123511
70                      0.534177129314654
80                      0.507853494373774
90                      0.484896412985517
100                     0.464675315119425
200                     0.268941462695858
300                      0.24667571657773
400                     0.226041979152461
500                      0.20860717538957
600                     0.194104649180112
700                     0.181975925719663
800                     0.171710462375927
900                     0.162900907854939
1000                     0.15523386550459
2000                   0.0766604083987874
3000                   0.0618518042466816
4000                   0.0485101280034427
5000                    0.037702182946956
6000                   0.0292142887790094
7000                   0.0226145405972718
8000                   0.0174998282904716
9000                   0.0135403721228089
10000                  0.0104763710472693
20000                -0.00435723289396296
30000                -0.00111016231322347
40000                -0.000282849738079195
50000                -7.20649729780182e-05
60000                -1.83608401468104e-05
